0 176
1 37
2 187
3 120
4 96
5 195
6 201
7 54
8 105
9 15
10 126
11 204
12 165
13 91
14 97
15 9
16 40
17 69
18 74
19 98
20 180
21 36
22 87
23 24
24 134
25 11
26 191
27 129
28 206
29 60
30 61
31 73
32 100
33 110
34 66
35 62
36 154
37 186
38 198
39 142
40 207
41 203
42 217
43 163
44 49
45 157
46 125
47 153
48 78
49 221
50 167
51 223
52 33
53 213
54 119
55 197
56 225
57 164
58 226
59 227
60 8
61 128
62 89
63 47
64 228
65 194
66 122
67 35
68 229
69 231
70 116
71 79
72 152
73 51
74 160
75 161
76 232
77 158
78 34
79 58
80 39
81 26
82 44
83 64
84 233
85 83
86 21
87 48
88 57
89 59
90 131
91 92
92 149
93 123
94 156
95 172
96 183
97 199
98 220
99 234
100 235
101 67
102 2
103 14
104 236
105 42
106 115
107 181
108 189
109 143
110 208
111 90
112 144
113 65
114 68
115 171
116 209
117 56
118 99
119 215
120 218
121 230
122 237
123 238
124 211
125 239
126 12
127 19
128 4
129 71
130 52
131 111
132 118
133 3
134 17
135 124
136 127
137 178
138 182
139 193
140 224
141 43
142 243
143 41
144 82
145 190
146 93
147 196
148 244
149 18
150 46
151 85
152 169
153 55
154 159
155 184
156 240
157 249
158 250
159 72
160 84
161 251
162 10
163 138
164 140
165 185
166 77
167 139
168 219
169 7
170 248
171 95
172 252
173 106
174 108
175 113
176 253
177 6
178 53
179 192
180 27
181 70
182 147
183 177
184 205
185 210
186 241
187 245
188 103
189 23
190 50
191 179
192 141
193 13
194 25
195 32
196 29
197 117
198 137
199 101
200 31
201 148
202 112
203 135
204 151
205 30
206 155
207 175
208 45
209 168
210 80
211 188
212 200
213 114
214 202
215 107
216 146
217 170
218 214
219 216
220 222
221 109
222 63
223 174
224 5
225 212
226 247
227 132
228 0
229 28
230 242
231 104
232 254
233 255
234 246
235 94
236 38
237 16
238 81
239 76
240 75
241 20
242 86
243 88
244 22
245 121
246 102
247 133
248 136
249 150
250 130
251 145
252 162
253 1
254 166
255 173
